408.7471862930215 273.74029707765317 593.2554560559149 
73.27790868763464 566.1712330638313 419.12252303849493 
397.8331413763408 362.67309455240303 64.46064460802526 
486.73581379358797 47.7024301024261 404.1290673972879 
597.0119802628012 329.6714260302668 367.51495286353475 
48.66697762946413 59.119216161237524 577.4626034979383 
464.45427921097956 152.86329697194807 383.81251237766867 
497.1523724158136 184.60093321058406 184.17414832992912 
170.89785611716297 579.3979756358672 385.5449710150425 
243.09318526242797 592.7910494917787 270.70554206742224 
183.83981806410844 398.2366946791874 410.7398971114089 
22.889081843253315 85.89128931323445 580.4497148469358 
485.02832578244255 180.84713998305148 260.87524426953115 
232.02683785458117 512.7562244868287 179.7512571486724 
164.2779745792559 57.14162720227523 276.78863411675854 
472.7396641243288 470.6527625346536 569.5781184982285 
439.46822265904643 160.2101753318624 24.18657860425695 
83.8584903904081 464.6846082492018 241.80591812063264 
465.670539638753 345.8603334838665 401.8944255561364 
362.1876977392668 144.46801986059938 549.017528374907 
