229.78515917649577 269.4489354271035 426.19134275759313 
18.348642622268365 460.00022244417704 441.11195329690037 
179.11353300635267 230.23622960764456 348.89308547760595 
315.743866383817 492.99439635093984 27.393002457593788 
96.07452413000455 61.946248495683356 378.10600326142674 
504.5360984697383 495.0484838403451 493.4977581137399 
181.27433981853497 223.9972190313942 25.41368897151829 
357.3642260614113 263.1792113940919 40.24709549320143 
178.25025046734953 140.53815927336794 425.4406745103891 
475.47575501828226 329.1440805571375 241.41065426108275 
464.44481026372904 54.43189013355281 98.30243173851431 
476.378954152311 353.8622580571227 131.72434699981028 
262.21363326291413 17.392646625990263 182.81246086316466 
369.7889206432214 406.3040778588383 481.14185210398875 
101.62671666179156 150.72352804418998 133.04575915991123 
15.590187179651151 152.16334117653028 330.1949734032597 
264.9672523854332 354.55604263437647 484.6279136193608 
366.62028334777386 107.0214648174555 436.0448604393374 
87.85172057799534 483.8259344323665 457.7631641060841 
305.0359528188677 284.98167895479355 150.38786501532945 
